{
  "captureDate" : "2026-04-13T06:34:33Z",
  "deviceModel" : "iPhone17,1",
  "frameCount" : 191,
  "frames" : [
    {
      "depthHeight" : 192,
      "depthPath" : "depths\/frame_000000.bin",
      "depthWidth" : 256,
      "imageHeight" : 1440,
      "imagePath" : "images\/frame_000000.jpg",
      "imageWidth" : 1920,
      "index" : 0,
      "intrinsics" : [
        [
          1339.5453,
          0,
          970.07544
        ],
        [
          0,
          1339.5453,
          720.8437
        ],
        [
          0,
          0,
          1
        ]
      ],
      "timestamp" : 1047540.5299495,
      "transform" : [
        [
          0.03467763,
          0.9992903,
          0.014713672,
          -0.023271995
        ],
        [
          -0.9901088,
          0.03234886,
          0.1365212,
          0.019603688
        ],
        [
          0.13594832,
          -0.019302387,
          0.9905279,
          0.04853789
        ],
        [
          0,
          0,
          0,
          0.99999994
        ]
      ]
    },
    {
      "depthHeight" : 192,
      "depthPath" : "depths\/frame_000001.bin",
      "depthWidth" : 256,
      "imageHeight" : 1440,
      "imagePath" : "images\/frame_000001.jpg",
      "imageWidth" : 1920,
      "index" : 1,
      "intrinsics" : [
        [
          1339.593,
          0,
          970.06024
        ],
        [
          0,
          1339.593,
          720.54956
        ],
        [
          0,
          0,
          1
        ]
      ],
      "timestamp" : 1047541.530355583,
      "transform" : [
        [
          0.024051426,
          0.9981087,
          0.056574248,
          -0.025313504
        ],
        [
          -0.98797035,
          0.01508352,
          0.15390578,
          0.012825822
        ],
        [
          0.15276134,
          -0.059595354,
          0.98646456,
          0.039863635
        ],
        [
          0,
          0,
          0,
          1
        ]
      ]
    },
    {
      "depthHeight" : 192,
      "depthPath" : "depths\/frame_000002.bin",
      "depthWidth" : 256,
      "imageHeight" : 1440,
      "imagePath" : "images\/frame_000002.jpg",
      "imageWidth" : 1920,
      "index" : 2,
      "intrinsics" : [
        [
          1339.6019,
          0,
          970.04895
        ],
        [
          0,
          1339.6019,
          720.5437
        ],
        [
          0,
          0,
          1
        ]
      ],
      "timestamp" : 1047542.5307615,
      "transform" : [
        [
          -0.017155861,
          0.9937082,
          -0.11067945,
          0.004078079
        ],
        [
          -0.98155826,
          0.0043402156,
          0.19111395,
          0.007732313
        ],
        [
          0.19039184,
          0.111917034,
          0.9753081,
          0.037949484
        ],
        [
          0,
          0,
          0,
          1
        ]
      ]
    },
    {
      "depthHeight" : 192,
      "depthPath" : "depths\/frame_000003.bin",
      "depthWidth" : 256,
      "imageHeight" : 1440,
      "imagePath" : "images\/frame_000003.jpg",
      "imageWidth" : 1920,
      "index" : 3,
      "intrinsics" : [
        [
          1339.6346,
          0,
          970.2404
        ],
        [
          0,
          1339.6346,
          720.40094
        ],
        [
          0,
          0,
          1
        ]
      ],
      "timestamp" : 1047543.531167333,
      "transform" : [
        [
          0.044208895,
          0.99429905,
          -0.09703139,
          -0.0062100105
        ],
        [
          -0.9965544,
          0.03706839,
          -0.07419776,
          0.09699742
        ],
        [
          -0.07017797,
          0.09997723,
          0.99251187,
          0.06681077
        ],
        [
          0,
          0,
          0,
          1
        ]
      ]
    },
    {
      "depthHeight" : 192,
      "depthPath" : "depths\/frame_000004.bin",
      "depthWidth" : 256,
      "imageHeight" : 1440,
      "imagePath" : "images\/frame_000004.jpg",
      "imageWidth" : 1920,
      "index" : 4,
      "intrinsics" : [
        [
          1339.1433,
          0,
          969.8137
        ],
        [
          0,
          1339.1433,
          720.0636
        ],
        [
          0,
          0,
          1
        ]
      ],
      "timestamp" : 1047544.531572958,
      "transform" : [
        [
          0.03470083,
          0.9979342,
          -0.054065697,
          -0.0055962475
        ],
        [
          -0.98081374,
          0.023621583,
          -0.19351032,
          0.19615114
        ],
        [
          -0.19183347,
          0.059743326,
          0.97960746,
          0.057742186
        ],
        [
          0,
          0,
          0,
          0.99999994
        ]
      ]
    },
    {
      "depthHeight" : 192,
      "depthPath" : "depths\/frame_000005.bin",
      "depthWidth" : 256,
      "imageHeight" : 1440,
      "imagePath" : "images\/frame_000005.jpg",
      "imageWidth" : 1920,
      "index" : 5,
      "intrinsics" : [
        [
          1339.6555,
          0,
          969.6021
        ],
        [
          0,
          1339.6555,
          720.4842
        ],
        [
          0,
          0,
          1
        ]
      ],
      "timestamp" : 1047545.531978458,
      "transform" : [
        [
          0.04676935,
          0.95823014,
          0.2821484,
          -0.14078137
        ],
        [
          -0.9855886,
          0.09023507,
          -0.143083,
          0.23929416
        ],
        [
          -0.1625661,
          -0.27139035,
          0.948641,
          -0.021455165
        ],
        [
          0,
          0,
          0,
          1
        ]
      ]
    },
    {
      "depthHeight" : 192,
      "depthPath" : "depths\/frame_000006.bin",
      "depthWidth" : 256,
      "imageHeight" : 1440,
      "imagePath" : "images\/frame_000006.jpg",
      "imageWidth" : 1920,
      "index" : 6,
      "intrinsics" : [
        [
          1343.0176,
          0,
          969.7004
        ],
        [
          0,
          1343.0176,
          720.92596
        ],
        [
          0,
          0,
          1
        ]
      ],
      "timestamp" : 1047546.532383916,
      "transform" : [
        [
          0.10221657,
          0.9375424,
          0.33251455,
          -0.18365845
        ],
        [
          -0.9857171,
          0.05048696,
          0.16066355,
          0.105078824
        ],
        [
          0.13384123,
          -0.34418774,
          0.92931235,
          -0.081184536
        ],
        [
          0,
          0,
          0,
          1
        ]
      ]
    },
    {
      "depthHeight" : 192,
      "depthPath" : "depths\/frame_000007.bin",
      "depthWidth" : 256,
      "imageHeight" : 1440,
      "imagePath" : "images\/frame_000007.jpg",
      "imageWidth" : 1920,
      "index" : 7,
      "intrinsics" : [
        [
          1344.1731,
          0,
          968.93994
        ],
        [
          0,
          1344.1731,
          720.62524
        ],
        [
          0,
          0,
          1
        ]
      ],
      "timestamp" : 1047547.532789291,
      "transform" : [
        [
          0.17475723,
          0.9678555,
          0.1808742,
          -0.1534081
        ],
        [
          -0.7038921,
          -0.005643311,
          0.7102845,
          -0.17853223
        ],
        [
          0.68847346,
          -0.25144327,
          0.6802797,
          -0.09797002
        ],
        [
          0,
          0,
          0,
          0.99999994
        ]
      ]
    },
    {
      "depthHeight" : 192,
      "depthPath" : "depths\/frame_000008.bin",
      "depthWidth" : 256,
      "imageHeight" : 1440,
      "imagePath" : "images\/frame_000008.jpg",
      "imageWidth" : 1920,
      "index" : 8,
      "intrinsics" : [
        [
          1342.416,
          0,
          967.90216
        ],
        [
          0,
          1342.416,
          720.5908
        ],
        [
          0,
          0,
          1
        ]
      ],
      "timestamp" : 1047548.533194583,
      "transform" : [
        [
          0.0762109,
          0.994585,
          0.07065848,
          -0.10463165
        ],
        [
          -0.70726854,
          0.0039722226,
          0.7069338,
          -0.1818462
        ],
        [
          0.70282507,
          -0.10385061,
          0.70374143,
          -0.119265236
        ],
        [
          0,
          0,
          0,
          1
        ]
      ]
    },
    {
      "depthHeight" : 192,
      "depthPath" : "depths\/frame_000009.bin",
      "depthWidth" : 256,
      "imageHeight" : 1440,
      "imagePath" : "images\/frame_000009.jpg",
      "imageWidth" : 1920,
      "index" : 9,
      "intrinsics" : [
        [
          1341.2339,
          0,
          968.06683
        ],
        [
          0,
          1341.2339,
          720.07104
        ],
        [
          0,
          0,
          1
        ]
      ],
      "timestamp" : 1047549.533599833,
      "transform" : [
        [
          -0.32027587,
          0.88958937,
          -0.3256595,
          0.12089433
        ],
        [
          -0.7192367,
          -0.0046114367,
          0.6947498,
          -0.17090344
        ],
        [
          0.61654025,
          0.45673785,
          0.6413022,
          -0.017557083
        ],
        [
          0,
          0,
          0,
          0.99999994
        ]
      ]
    },
    {
      "depthHeight" : 192,
      "depthPath" : "depths\/frame_000010.bin",
      "depthWidth" : 256,
      "imageHeight" : 1440,
      "imagePath" : "images\/frame_000010.jpg",
      "imageWidth" : 1920,
      "index" : 10,
      "intrinsics" : [
        [
          1342.9551,
          0,
          968.3233
        ],
        [
          0,
          1342.9551,
          720.7797
        ],
        [
          0,
          0,
          1
        ]
      ],
      "timestamp" : 1047550.534004875,
      "transform" : [
        [
          -0.4320872,
          0.71627474,
          -0.5479517,
          0.21851823
        ],
        [
          -0.77673453,
          0.013155661,
          0.62969077,
          -0.13542528
        ],
        [
          0.4582402,
          0.69769436,
          0.550671,
          0.08542427
        ],
        [
          0,
          0,
          0,
          1
        ]
      ]
    },
    {
      "depthHeight" : 192,
      "depthPath" : "depths\/frame_000011.bin",
      "depthWidth" : 256,
      "imageHeight" : 1440,
      "imagePath" : "images\/frame_000011.jpg",
      "imageWidth" : 1920,
      "index" : 11,
      "intrinsics" : [
        [
          1344.6316,
          0,
          968.7561
        ],
        [
          0,
          1344.6316,
          720.44507
        ],
        [
          0,
          0,
          1
        ]
      ],
      "timestamp" : 1047551.534409875,
      "transform" : [
        [
          -0.25030616,
          0.7699525,
          -0.5869582,
          0.27067977
        ],
        [
          -0.9089345,
          0.021917483,
          0.4163624,
          -0.06319262
        ],
        [
          0.33344394,
          0.63772464,
          0.69435036,
          0.16710915
        ],
        [
          0,
          0,
          0,
          0.99999994
        ]
      ]
    },
    {
      "depthHeight" : 192,
      "depthPath" : "depths\/frame_000012.bin",
      "depthWidth" : 256,
      "imageHeight" : 1440,
      "imagePath" : "images\/frame_000012.jpg",
      "imageWidth" : 1920,
      "index" : 12,
      "intrinsics" : [
        [
          1345.1676,
          0,
          969.7909
        ],
        [
          0,
          1345.1676,
          720.3789
        ],
        [
          0,
          0,
          1
        ]
      ],
      "timestamp" : 1047552.534814958,
      "transform" : [
        [
          -0.07152418,
          0.73554415,
          -0.67369074,
          0.2607538
        ],
        [
          -0.98858845,
          0.03749971,
          0.14589883,
          0.059020378
        ],
        [
          0.13257825,
          0.67643815,
          0.7244684,
          0.11641647
        ],
        [
          0,
          0,
          0,
          1
        ]
      ]
    },
    {
      "depthHeight" : 192,
      "depthPath" : "depths\/frame_000013.bin",
      "depthWidth" : 256,
      "imageHeight" : 1440,
      "imagePath" : "images\/frame_000013.jpg",
      "imageWidth" : 1920,
      "index" : 13,
      "intrinsics" : [
        [
          1347.4575,
          0,
          970.0401
        ],
        [
          0,
          1347.4575,
          720.72107
        ],
        [
          0,
          0,
          1
        ]
      ],
      "timestamp" : 1047553.53521975,
      "transform" : [
        [
          0.1938219,
          0.6888011,
          -0.69856,
          0.21804374
        ],
        [
          -0.9741542,
          0.05093277,
          -0.22006682,
          0.19364387
        ],
        [
          -0.11600267,
          0.7231589,
          0.68087035,
          0.08076099
        ],
        [
          0,
          0,
          0,
          0.9999999
        ]
      ]
    },
    {
      "depthHeight" : 192,
      "depthPath" : "depths\/frame_000014.bin",
      "depthWidth" : 256,
      "imageHeight" : 1440,
      "imagePath" : "images\/frame_000014.jpg",
      "imageWidth" : 1920,
      "index" : 14,
      "intrinsics" : [
        [
          1344.5898,
          0,
          968.74774
        ],
        [
          0,
          1344.5898,
          720.7732
        ],
        [
          0,
          0,
          1
        ]
      ],
      "timestamp" : 1047554.535624625,
      "transform" : [
        [
          0.38500327,
          0.77330375,
          -0.50375974,
          0.1390517
        ],
        [
          -0.8475985,
          0.08029463,
          -0.524528,
          0.27457237
        ],
        [
          -0.36517024,
          0.628931,
          0.6863648,
          0.122645095
        ],
        [
          0,
          0,
          0,
          1
        ]
      ]
    },
    {
      "depthHeight" : 192,
      "depthPath" : "depths\/frame_000015.bin",
      "depthWidth" : 256,
      "imageHeight" : 1440,
      "imagePath" : "images\/frame_000015.jpg",
      "imageWidth" : 1920,
      "index" : 15,
      "intrinsics" : [
        [
          1341.8861,
          0,
          968.9272
        ],
        [
          0,
          1341.8861,
          721.3946
        ],
        [
          0,
          0,
          1
        ]
      ],
      "timestamp" : 1047555.536029291,
      "transform" : [
        [
          0.4236448,
          0.6394073,
          -0.6416257,
          0.17639622
        ],
        [
          -0.8536644,
          0.044919662,
          -0.5188828,
          0.2739482
        ],
        [
          -0.30295584,
          0.76755506,
          0.5648693,
          0.17654988
        ],
        [
          0,
          0,
          0,
          1
        ]
      ]
    },
    {
      "depthHeight" : 192,
      "depthPath" : "depths\/frame_000016.bin",
      "depthWidth" : 256,
      "imageHeight" : 1440,
      "imagePath" : "images\/frame_000016.jpg",
      "imageWidth" : 1920,
      "index" : 16,
      "intrinsics" : [
        [
          1341.1475,
          0,
          968.94525
        ],
        [
          0,
          1341.1475,
          720.2002
        ],
        [
          0,
          0,
          1
        ]
      ],
      "timestamp" : 1047556.536434,
      "transform" : [
        [
          0.2752849,
          0.23605989,
          -0.93193024,
          0.27427995
        ],
        [
          -0.95947367,
          0.0067242556,
          -0.28171778,
          0.21086708
        ],
        [
          -0.060235735,
          0.9717152,
          0.22834438,
          0.24364156
        ],
        [
          0,
          0,
          0,
          1
        ]
      ]
    },
    {
      "depthHeight" : 192,
      "depthPath" : "depths\/frame_000017.bin",
      "depthWidth" : 256,
      "imageHeight" : 1440,
      "imagePath" : "images\/frame_000017.jpg",
      "imageWidth" : 1920,
      "index" : 17,
      "intrinsics" : [
        [
          1340.1677,
          0,
          970.0828
        ],
        [
          0,
          1340.1677,
          720.2696
        ],
        [
          0,
          0,
          1
        ]
      ],
      "timestamp" : 1047557.536838583,
      "transform" : [
        [
          0.09351204,
          0.1956169,
          -0.97621185,
          0.30305672
        ],
        [
          -0.9954715,
          0.0015470787,
          -0.09504695,
          0.14352608
        ],
        [
          -0.017082512,
          0.98067915,
          0.19487576,
          0.23514666
        ],
        [
          0,
          0,
          0,
          0.99999994
        ]
      ]
    },
    {
      "depthHeight" : 192,
      "depthPath" : "depths\/frame_000018.bin",
      "depthWidth" : 256,
      "imageHeight" : 1440,
      "imagePath" : "images\/frame_000018.jpg",
      "imageWidth" : 1920,
      "index" : 18,
      "intrinsics" : [
        [
          1341.8651,
          0,
          970.106
        ],
        [
          0,
          1341.8651,
          719.96185
        ],
        [
          0,
          0,
          1
        ]
      ],
      "timestamp" : 1047558.537243083,
      "transform" : [
        [
          -0.21243817,
          0.08768705,
          -0.9732323,
          0.35803056
        ],
        [
          -0.97702175,
          -0.0014517525,
          0.21313456,
          0.023349771
        ],
        [
          0.017276252,
          0.996147,
          0.085980594,
          0.27789783
        ],
        [
          0,
          0,
          0,
          1
        ]
      ]
    },
    {
      "depthHeight" : 192,
      "depthPath" : "depths\/frame_000019.bin",
      "depthWidth" : 256,
      "imageHeight" : 1440,
      "imagePath" : "images\/frame_000019.jpg",
      "imageWidth" : 1920,
      "index" : 19,
      "intrinsics" : [
        [
          1343.4553,
          0,
          969.73395
        ],
        [
          0,
          1343.4553,
          720.50446
        ],
        [
          0,
          0,
          1
        ]
      ],
      "timestamp" : 1047559.537647666,
      "transform" : [
        [
          -0.39999625,
          0.3529873,
          -0.84581494,
          0.31838986
        ],
        [
          -0.8976093,
          0.03560859,
          0.43935117,
          -0.06496334
        ],
        [
          0.18520364,
          0.93495023,
          0.30260143,
          0.19884168
        ],
        [
          0,
          0,
          0,
          0.99999994
        ]
      ]
    },
    {
      "depthHeight" : 192,
      "depthPath" : "depths\/frame_000020.bin",
      "depthWidth" : 256,
      "imageHeight" : 1440,
      "imagePath" : "images\/frame_000020.jpg",
      "imageWidth" : 1920,
      "index" : 20,
      "intrinsics" : [
        [
          1343.5775,
          0,
          969.2382
        ],
        [
          0,
          1343.5775,
          720.7903
        ],
        [
          0,
          0,
          1
        ]
      ],
      "timestamp" : 1047560.538052083,
      "transform" : [
        [
          -0.45536873,
          0.3698092,
          -0.8098644,
          0.34194642
        ],
        [
          -0.8835592,
          -0.07596659,
          0.462117,
          -0.12314031
        ],
        [
          0.10937249,
          0.9259969,
          0.36134118,
          0.23205778
        ],
        [
          0,
          0,
          0,
          1
        ]
      ]
    },
    {
      "depthHeight" : 192,
      "depthPath" : "depths\/frame_000021.bin",
      "depthWidth" : 256,
      "imageHeight" : 1440,
      "imagePath" : "images\/frame_000021.jpg",
      "imageWidth" : 1920,
      "index" : 21,
      "intrinsics" : [
        [
          1345.1022,
          0,
          968.873
        ],
        [
          0,
          1345.1022,
          718.43866
        ],
        [
          0,
          0,
          1
        ]
      ],
      "timestamp" : 1047561.538456541,
      "transform" : [
        [
          -0.48433208,
          0.4837851,
          -0.7289543,
          0.52231395
        ],
        [
          -0.86421126,
          -0.13480562,
          0.48473313,
          -0.3205407
        ],
        [
          0.13623956,
          0.8647424,
          0.48338327,
          0.52418464
        ],
        [
          0,
          0,
          0,
          0.9999999
        ]
      ]
    },
    {
      "depthHeight" : 192,
      "depthPath" : "depths\/frame_000022.bin",
      "depthWidth" : 256,
      "imageHeight" : 1440,
      "imagePath" : "images\/frame_000022.jpg",
      "imageWidth" : 1920,
      "index" : 22,
      "intrinsics" : [
        [
          1350.7244,
          0,
          970.5543
        ],
        [
          0,
          1350.7244,
          719.4501
        ],
        [
          0,
          0,
          1
        ]
      ],
      "timestamp" : 1047562.538860708,
      "transform" : [
        [
          -0.17506796,
          0.56694514,
          -0.80493754,
          0.4738311
        ],
        [
          -0.98395425,
          -0.07216146,
          0.16317697,
          -0.64674157
        ],
        [
          0.03442693,
          0.8205887,
          0.5704813,
          0.44393888
        ],
        [
          0,
          0,
          0,
          1
        ]
      ]
    },
    {
      "depthHeight" : 192,
      "depthPath" : "depths\/frame_000023.bin",
      "depthWidth" : 256,
      "imageHeight" : 1440,
      "imagePath" : "images\/frame_000023.jpg",
      "imageWidth" : 1920,
      "index" : 23,
      "intrinsics" : [
        [
          1352.9639,
          0,
          969.6674
        ],
        [
          0,
          1352.9639,
          721.1698
        ],
        [
          0,
          0,
          1
        ]
      ],
      "timestamp" : 1047563.539265083,
      "transform" : [
        [
          -0.1330492,
          0.7106703,
          -0.69082963,
          0.35113925
        ],
        [
          -0.93493974,
          0.14132391,
          0.32544595,
          -0.6475911
        ],
        [
          0.3289155,
          0.6891845,
          0.6456309,
          0.2240818
        ],
        [
          0,
          0,
          0,
          0.99999994
        ]
      ]
    },
    {
      "depthHeight" : 192,
      "depthPath" : "depths\/frame_000024.bin",
      "depthWidth" : 256,
      "imageHeight" : 1440,
      "imagePath" : "images\/frame_000024.jpg",
      "imageWidth" : 1920,
      "index" : 24,
      "intrinsics" : [
        [
          1348.4225,
          0,
          969.0653
        ],
        [
          0,
          1348.4225,
          720.7202
        ],
        [
          0,
          0,
          1
        ]
      ],
      "timestamp" : 1047564.539669333,
      "transform" : [
        [
          -0.56564057,
          0.5134043,
          -0.64534235,
          0.4287486
        ],
        [
          -0.7286858,
          0.055216387,
          0.68261856,
          -0.77742386
        ],
        [
          0.38609275,
          0.85636854,
          0.34287784,
          0.3612135
        ],
        [
          0,
          0,
          0,
          0.99999994
        ]
      ]
    },
    {
      "depthHeight" : 192,
      "depthPath" : "depths\/frame_000025.bin",
      "depthWidth" : 256,
      "imageHeight" : 1440,
      "imagePath" : "images\/frame_000025.jpg",
      "imageWidth" : 1920,
      "index" : 25,
      "intrinsics" : [
        [
          1345.2361,
          0,
          967.851
        ],
        [
          0,
          1345.2361,
          720.30414
        ],
        [
          0,
          0,
          1
        ]
      ],
      "timestamp" : 1047565.540073625,
      "transform" : [
        [
          -0.6670846,
          -0.012602721,
          -0.7448755,
          0.52125764
        ],
        [
          -0.7447764,
          0.034766957,
          0.6664078,
          -0.31165525
        ],
        [
          0.01749851,
          0.9993161,
          -0.032578703,
          0.6053266
        ],
        [
          0,
          0,
          0,
          1
        ]
      ]
    },
    {
      "depthHeight" : 192,
      "depthPath" : "depths\/frame_000026.bin",
      "depthWidth" : 256,
      "imageHeight" : 1440,
      "imagePath" : "images\/frame_000026.jpg",
      "imageWidth" : 1920,
      "index" : 26,
      "intrinsics" : [
        [
          1341.883,
          0,
          968.7117
        ],
        [
          0,
          1341.883,
          721.1335
        ],
        [
          0,
          0,
          1
        ]
      ],
      "timestamp" : 1047566.540477625,
      "transform" : [
        [
          -0.5334895,
          -0.44019198,
          -0.7222325,
          0.45658347
        ],
        [
          -0.8094171,
          0.01793265,
          0.5869602,
          -0.18579513
        ],
        [
          -0.2454236,
          0.89772457,
          -0.36586583,
          0.7874497
        ],
        [
          0,
          0,
          0,
          0.99999994
        ]
      ]
    },
    {
      "depthHeight" : 192,
      "depthPath" : "depths\/frame_000027.bin",
      "depthWidth" : 256,
      "imageHeight" : 1440,
      "imagePath" : "images\/frame_000027.jpg",
      "imageWidth" : 1920,
      "index" : 27,
      "intrinsics" : [
        [
          1339.5781,
          0,
          969.1386
        ],
        [
          0,
          1339.5781,
          720.0256
        ],
        [
          0,
          0,
          1
        ]
      ],
      "timestamp" : 1047567.540881541,
      "transform" : [
        [
          -0.38143557,
          -0.33952597,
          -0.85978425,
          0.3585162
        ],
        [
          -0.91165304,
          -0.015732486,
          0.4106594,
          -0.104645774
        ],
        [
          -0.15295608,
          0.94046515,
          -0.30352896,
          0.6041908
        ],
        [
          0,
          0,
          0,
          1
        ]
      ]
    },
    {
      "depthHeight" : 192,
      "depthPath" : "depths\/frame_000028.bin",
      "depthWidth" : 256,
      "imageHeight" : 1440,
      "imagePath" : "images\/frame_000028.jpg",
      "imageWidth" : 1920,
      "index" : 28,
      "intrinsics" : [
        [
          1339.4501,
          0,
          970.3616
        ],
        [
          0,
          1339.4501,
          719.40344
        ],
        [
          0,
          0,
          1
        ]
      ],
      "timestamp" : 1047568.541285458,
      "transform" : [
        [
          0.004108738,
          0.01795854,
          -0.99983037,
          0.59244776
        ],
        [
          -0.9980739,
          -0.061818197,
          -0.005211873,
          0.07425701
        ],
        [
          -0.06190131,
          0.9979259,
          0.017669972,
          0.78008205
        ],
        [
          0,
          0,
          0,
          1
        ]
      ]
    },
    {
      "depthHeight" : 192,
      "depthPath" : "depths\/frame_000029.bin",
      "depthWidth" : 256,
      "imageHeight" : 1440,
      "imagePath" : "images\/frame_000029.jpg",
      "imageWidth" : 1920,
      "index" : 29,
      "intrinsics" : [
        [
          1339.4441,
          0,
          969.4794
        ],
        [
          0,
          1339.4441,
          720.94275
        ],
        [
          0,
          0,
          1
        ]
      ],
      "timestamp" : 1047569.541689291,
      "transform" : [
        [
          0.3067461,
          -0.2213942,
          -0.9256843,
          0.8207192
        ],
        [
          -0.9484464,
          0.01036486,
          -0.3167678,
          0.20329589
        ],
        [
          0.07972515,
          0.97512937,
          -0.20680115,
          0.8621482
        ],
        [
          0,
          0,
          0,
          0.99999994
        ]
      ]
    },
    {
      "depthHeight" : 192,
      "depthPath" : "depths\/frame_000030.bin",
      "depthWidth" : 256,
      "imageHeight" : 1440,
      "imagePath" : "images\/frame_000030.jpg",
      "imageWidth" : 1920,
      "index" : 30,
      "intrinsics" : [
        [
          1340.668,
          0,
          968.9589
        ],
        [
          0,
          1340.668,
          721.4182
        ],
        [
          0,
          0,
          1
        ]
      ],
      "timestamp" : 1047570.542093166,
      "transform" : [
        [
          0.4693138,
          0.32807174,
          -0.8198254,
          0.8629998
        ],
        [
          -0.8752057,
          0.049486976,
          -0.48121327,
          0.25791335
        ],
        [
          -0.11730178,
          0.9433558,
          0.3103552,
          0.89163184
        ],
        [
          0,
          0,
          0,
          1
        ]
      ]
    },
    {
      "depthHeight" : 192,
      "depthPath" : "depths\/frame_000031.bin",
      "depthWidth" : 256,
      "imageHeight" : 1440,
      "imagePath" : "images\/frame_000031.jpg",
      "imageWidth" : 1920,
      "index" : 31,
      "intrinsics" : [
        [
          1340.0159,
          0,
          969.2687
        ],
        [
          0,
          1340.0159,
          719.6393
        ],
        [
          0,
          0,
          1
        ]
      ],
      "timestamp" : 1047571.542496875,
      "transform" : [
        [
          0.32554102,
          -0.17866333,
          -0.92849475,
          0.9210452
        ],
        [
          -0.9437407,
          -0.0010495966,
          -0.3306845,
          0.23875025
        ],
        [
          0.05810664,
          0.9839097,
          -0.16895354,
          1.1473101
        ],
        [
          0,
          0,
          0,
          1
        ]
      ]
    },
    {
      "depthHeight" : 192,
      "depthPath" : "depths\/frame_000032.bin",
      "depthWidth" : 256,
      "imageHeight" : 1440,
      "imagePath" : "images\/frame_000032.jpg",
      "imageWidth" : 1920,
      "index" : 32,
      "intrinsics" : [
        [
          1338.25,
          0,
          969.7727
        ],
        [
          0,
          1338.25,
          721.0185
        ],
        [
          0,
          0,
          1
        ]
      ],
      "timestamp" : 1047572.542900666,
      "transform" : [
        [
          0.26968595,
          -0.2818635,
          -0.92077285,
          1.2155358
        ],
        [
          -0.9567622,
          0.029779065,
          -0.2893428,
          0.2703818
        ],
        [
          0.108974926,
          0.95899224,
          -0.26164532,
          1.2000159
        ],
        [
          0,
          0,
          0,
          1
        ]
      ]
    },
    {
      "depthHeight" : 192,
      "depthPath" : "depths\/frame_000033.bin",
      "depthWidth" : 256,
      "imageHeight" : 1440,
      "imagePath" : "images\/frame_000033.jpg",
      "imageWidth" : 1920,
      "index" : 33,
      "intrinsics" : [
        [
          1338.509,
          0,
          969.74835
        ],
        [
          0,
          1338.509,
          720.39923
        ],
        [
          0,
          0,
          1
        ]
      ],
      "timestamp" : 1047573.543304291,
      "transform" : [
        [
          0.15314437,
          -0.66634685,
          -0.7297457,
          1.1217808
        ],
        [
          -0.97330207,
          0.026050607,
          -0.22804452,
          0.2685307
        ],
        [
          0.17096706,
          0.74518675,
          -0.6445674,
          1.3360754
        ],
        [
          0,
          0,
          0,
          1
        ]
      ]
    },
    {
      "depthHeight" : 192,
      "depthPath" : "depths\/frame_000034.bin",
      "depthWidth" : 256,
      "imageHeight" : 1440,
      "imagePath" : "images\/frame_000034.jpg",
      "imageWidth" : 1920,
      "index" : 34,
      "intrinsics" : [
        [
          1340.1112,
          0,
          969.73486
        ],
        [
          0,
          1340.1112,
          720.92456
        ],
        [
          0,
          0,
          1
        ]
      ],
      "timestamp" : 1047574.543707916,
      "transform" : [
        [
          0.04033472,
          -0.876655,
          -0.47942582,
          1.0017025
        ],
        [
          -0.9761584,
          0.06784499,
          -0.20618358,
          0.26420024
        ],
        [
          0.21327849,
          0.47631192,
          -0.85301775,
          1.3936715
        ],
        [
          0,
          0,
          0,
          0.9999999
        ]
      ]
    },
    {
      "depthHeight" : 192,
      "depthPath" : "depths\/frame_000035.bin",
      "depthWidth" : 256,
      "imageHeight" : 1440,
      "imagePath" : "images\/frame_000035.jpg",
      "imageWidth" : 1920,
      "index" : 35,
      "intrinsics" : [
        [
          1339.194,
          0,
          969.701
        ],
        [
          0,
          1339.194,
          720.4965
        ],
        [
          0,
          0,
          1
        ]
      ],
      "timestamp" : 1047575.5441115,
      "transform" : [
        [
          0.029807428,
          -0.9311899,
          -0.36331367,
          0.6341898
        ],
        [
          -0.99608827,
          0.002576402,
          -0.08832575,
          0.20592625
        ],
        [
          0.08318409,
          0.3645253,
          -0.92747056,
          1.271642
        ],
        [
          0,
          0,
          0,
          0.99999994
        ]
      ]
    },
    {
      "depthHeight" : 192,
      "depthPath" : "depths\/frame_000036.bin",
      "depthWidth" : 256,
      "imageHeight" : 1440,
      "imagePath" : "images\/frame_000036.jpg",
      "imageWidth" : 1920,
      "index" : 36,
      "intrinsics" : [
        [
          1338.5121,
          0,
          970.18134
        ],
        [
          0,
          1338.5121,
          720.3343
        ],
        [
          0,
          0,
          1
        ]
      ],
      "timestamp" : 1047576.544515041,
      "transform" : [
        [
          0.014684262,
          -0.86619717,
          -0.4994865,
          0.6664252
        ],
        [
          -0.99709415,
          -0.050029792,
          0.057447135,
          0.1241961
        ],
        [
          -0.07474975,
          0.49719152,
          -0.8644149,
          1.2067486
        ],
        [
          0,
          0,
          0,
          0.99999994
        ]
      ]
    },
    {
      "depthHeight" : 192,
      "depthPath" : "depths\/frame_000037.bin",
      "depthWidth" : 256,
      "imageHeight" : 1440,
      "imagePath" : "images\/frame_000037.jpg",
      "imageWidth" : 1920,
      "index" : 37,
      "intrinsics" : [
        [
          1338.4941,
          0,
          969.9826
        ],
        [
          0,
          1338.4941,
          720.22394
        ],
        [
          0,
          0,
          1
        ]
      ],
      "timestamp" : 1047577.544918583,
      "transform" : [
        [
          -0.16521001,
          -0.8670665,
          -0.4700014,
          0.7708268
        ],
        [
          -0.9344433,
          -0.014818627,
          0.35580346,
          -0.06449715
        ],
        [
          -0.31546998,
          0.497972,
          -0.8077764,
          1.2355797
        ],
        [
          0,
          0,
          0,
          1
        ]
      ]
    },
    {
      "depthHeight" : 192,
      "depthPath" : "depths\/frame_000038.bin",
      "depthWidth" : 256,
      "imageHeight" : 1440,
      "imagePath" : "images\/frame_000038.jpg",
      "imageWidth" : 1920,
      "index" : 38,
      "intrinsics" : [
        [
          1341.3231,
          0,
          968.72015
        ],
        [
          0,
          1341.3231,
          719.9283
        ],
        [
          0,
          0,
          1
        ]
      ],
      "timestamp" : 1047578.545322166,
      "transform" : [
        [
          -0.2907337,
          -0.8725821,
          -0.3925232,
          0.7568116
        ],
        [
          -0.72225237,
          -0.06892871,
          0.6881863,
          -0.24758297
        ],
        [
          -0.62755513,
          0.48357975,
          -0.6101846,
          1.2166862
        ],
        [
          0,
          0,
          0,
          1
        ]
      ]
    },
    {
      "depthHeight" : 192,
      "depthPath" : "depths\/frame_000039.bin",
      "depthWidth" : 256,
      "imageHeight" : 1440,
      "imagePath" : "images\/frame_000039.jpg",
      "imageWidth" : 1920,
      "index" : 39,
      "intrinsics" : [
        [
          1345.2361,
          0,
          967.8625
        ],
        [
          0,
          1345.2361,
          719.78424
        ],
        [
          0,
          0,
          1
        ]
      ],
      "timestamp" : 1047579.545725625,
      "transform" : [
        [
          -0.17935422,
          -0.9423587,
          -0.28247502,
          0.6813617
        ],
        [
          -0.66102475,
          -0.09721879,
          0.7440395,
          -0.308047
        ],
        [
          -0.7286139,
          0.3201696,
          -0.60548586,
          1.1960547
        ],
        [
          0,
          0,
          0,
          1
        ]
      ]
    },
    {
      "depthHeight" : 192,
      "depthPath" : "depths\/frame_000040.bin",
      "depthWidth" : 256,
      "imageHeight" : 1440,
      "imagePath" : "images\/frame_000040.jpg",
      "imageWidth" : 1920,
      "index" : 40,
      "intrinsics" : [
        [
          1349.4469,
          0,
          967.38794
        ],
        [
          0,
          1349.4469,
          720.23535
        ],
        [
          0,
          0,
          1
        ]
      ],
      "timestamp" : 1047580.546129,
      "transform" : [
        [
          0.14267668,
          -0.9896498,
          0.015385609,
          0.50144064
        ],
        [
          -0.626718,
          -0.07829998,
          0.77530223,
          -0.33972174
        ],
        [
          -0.7660729,
          -0.12025998,
          -0.6314029,
          1.24637
        ],
        [
          0,
          0,
          0,
          0.99999994
        ]
      ]
    },
    {
      "depthHeight" : 192,
      "depthPath" : "depths\/frame_000041.bin",
      "depthWidth" : 256,
      "imageHeight" : 1440,
      "imagePath" : "images\/frame_000041.jpg",
      "imageWidth" : 1920,
      "index" : 41,
      "intrinsics" : [
        [
          1346.9396,
          0,
          967.6691
        ],
        [
          0,
          1346.9396,
          719.652
        ],
        [
          0,
          0,
          1
        ]
      ],
      "timestamp" : 1047581.546532375,
      "transform" : [
        [
          -0.02287306,
          -0.98062545,
          -0.19455242,
          0.29025316
        ],
        [
          -0.67490274,
          -0.12842174,
          0.7266459,
          -0.31889042
        ],
        [
          -0.7375521,
          0.14792459,
          -0.6588895,
          1.2543644
        ],
        [
          0,
          0,
          0,
          1
        ]
      ]
    },
    {
      "depthHeight" : 192,
      "depthPath" : "depths\/frame_000042.bin",
      "depthWidth" : 256,
      "imageHeight" : 1440,
      "imagePath" : "images\/frame_000042.jpg",
      "imageWidth" : 1920,
